<?xml version="1.0"?>
<opencv_storage>
<cam_reprojection_error>6.6279477971820744e-001</cam_reprojection_error>
<cam_reprojection_error2>5.5711256205326032e-001</cam_reprojection_error2>
<proj_reprojection_error>7.8799882070310656e-001</proj_reprojection_error>
<proj_reprojection_error2>7.1737821558638226e-001</proj_reprojection_error2>
<stereo_reprojection_error>7.4789740401047422e-001</stereo_reprojection_error>
<cam_K type_id="opencv-matrix">
  <rows>3</rows>
  <cols>3</cols>
  <dt>d</dt>
  <data>
    2.1778600332998867e+003 0. 1.0064079071442198e+003 0.
    2.1676909463066731e+003 6.0613136492557385e+002 0. 0. 1.</data></cam_K>
<cam_dist type_id="opencv-matrix">
  <rows>1</rows>
  <cols>5</cols>
  <dt>d</dt>
  <data>
    -1.5536577175180993e-001 1.1618125303080207e-001
    2.6550068194451562e-004 3.6807116139441595e-003 0.</data></cam_dist>
<cam_R>
  <_ type_id="opencv-matrix">
    <rows>3</rows>
    <cols>1</cols>
    <dt>d</dt>
    <data>
      -1.5287654425300967e-001 1.0717574818391336e-001
      2.5608682827289064e-002</data></_>
  <_ type_id="opencv-matrix">
    <rows>3</rows>
    <cols>1</cols>
    <dt>d</dt>
    <data>
      -1.5566728215707745e-001 1.4668596763669817e-001
      2.4010076456753196e-002</data></_>
  <_ type_id="opencv-matrix">
    <rows>3</rows>
    <cols>1</cols>
    <dt>d</dt>
    <data>
      -2.5504086529163139e-001 -1.2494723929544228e-001
      1.5953190136409803e-002</data></_>
  <_ type_id="opencv-matrix">
    <rows>3</rows>
    <cols>1</cols>
    <dt>d</dt>
    <data>
      -2.5356803296784436e-001 -1.2909978597506269e-001
      7.5353386677972636e-003</data></_>
  <_ type_id="opencv-matrix">
    <rows>3</rows>
    <cols>1</cols>
    <dt>d</dt>
    <data>
      -1.8576114733303720e-001 -2.8490277049640161e-001
      9.8425649857741774e-003</data></_>
  <_ type_id="opencv-matrix">
    <rows>3</rows>
    <cols>1</cols>
    <dt>d</dt>
    <data>
      -2.2451416159213985e-001 -8.1975768216839856e-002
      2.0501935164668486e-002</data></_>
  <_ type_id="opencv-matrix">
    <rows>3</rows>
    <cols>1</cols>
    <dt>d</dt>
    <data>
      -1.1755583366425479e-001 -3.6977947640533432e-001
      4.6915758515555579e-002</data></_>
  <_ type_id="opencv-matrix">
    <rows>3</rows>
    <cols>1</cols>
    <dt>d</dt>
    <data>
      -1.4983826632230751e-001 -2.6363295277639437e-001
      2.9444630069020497e-002</data></_>
  <_ type_id="opencv-matrix">
    <rows>3</rows>
    <cols>1</cols>
    <dt>d</dt>
    <data>
      -2.0659992526959572e-001 2.0778124011814944e-001
      2.9499545261421557e-002</data></_></cam_R>
<cam_T>
  <_ type_id="opencv-matrix">
    <rows>3</rows>
    <cols>1</cols>
    <dt>d</dt>
    <data>
      -1.9481090034746867e+002 -1.3496137267924345e+002
      1.5191910363478612e+003</data></_>
  <_ type_id="opencv-matrix">
    <rows>3</rows>
    <cols>1</cols>
    <dt>d</dt>
    <data>
      -4.5513904181887210e+002 -1.6477390823091966e+002
      1.4842130772047258e+003</data></_>
  <_ type_id="opencv-matrix">
    <rows>3</rows>
    <cols>1</cols>
    <dt>d</dt>
    <data>
      -4.9376806681085344e+002 -1.5665521269806689e+002
      1.5047356765004374e+003</data></_>
  <_ type_id="opencv-matrix">
    <rows>3</rows>
    <cols>1</cols>
    <dt>d</dt>
    <data>
      -1.4949962431029559e+002 -1.4114634158026874e+002
      1.5442921151767971e+003</data></_>
  <_ type_id="opencv-matrix">
    <rows>3</rows>
    <cols>1</cols>
    <dt>d</dt>
    <data>
      -1.7164549202906534e+002 -2.5779477794976049e+002
      1.4147742086192920e+003</data></_>
  <_ type_id="opencv-matrix">
    <rows>3</rows>
    <cols>1</cols>
    <dt>d</dt>
    <data>
      -4.6890558653338343e+002 -2.6446887511187413e+002
      1.4426082165689947e+003</data></_>
  <_ type_id="opencv-matrix">
    <rows>3</rows>
    <cols>1</cols>
    <dt>d</dt>
    <data>
      -2.7089266737713257e+002 -1.7634976004201977e+002
      1.3425463850198998e+003</data></_>
  <_ type_id="opencv-matrix">
    <rows>3</rows>
    <cols>1</cols>
    <dt>d</dt>
    <data>
      -4.1698775842751166e+002 -1.7638360228689720e+002
      1.3487287194454384e+003</data></_>
  <_ type_id="opencv-matrix">
    <rows>3</rows>
    <cols>1</cols>
    <dt>d</dt>
    <data>
      -3.1288043458856100e+002 -1.5847634882464075e+002
      1.4926179274237129e+003</data></_></cam_T>
<proj_K type_id="opencv-matrix">
  <rows>3</rows>
  <cols>3</cols>
  <dt>d</dt>
  <data>
    1.4146389393093009e+003 0. 6.6251588547770245e+002 0.
    1.4042311239954090e+003 7.2329187480725216e+002 0. 0. 1.</data></proj_K>
<proj_dist type_id="opencv-matrix">
  <rows>1</rows>
  <cols>5</cols>
  <dt>d</dt>
  <data>
    2.4888690070742396e-002 -8.1977785463763331e-002
    -2.6088653425059552e-003 6.5784582629801192e-003 0.</data></proj_dist>
<proj_R>
  <_ type_id="opencv-matrix">
    <rows>3</rows>
    <cols>1</cols>
    <dt>d</dt>
    <data>
      -8.9569069543680060e-002 1.8544534401852741e-001
      -6.6479269130783978e-003</data></_>
  <_ type_id="opencv-matrix">
    <rows>3</rows>
    <cols>1</cols>
    <dt>d</dt>
    <data>
      -9.5641394115572931e-002 2.2867508579171530e-001
      -5.7577212037473995e-003</data></_>
  <_ type_id="opencv-matrix">
    <rows>3</rows>
    <cols>1</cols>
    <dt>d</dt>
    <data>
      -2.0217157918939663e-001 -4.4532827265671149e-002
      -1.7775746838713934e-002</data></_>
  <_ type_id="opencv-matrix">
    <rows>3</rows>
    <cols>1</cols>
    <dt>d</dt>
    <data>
      -1.9420632966753179e-001 -5.0975217085474062e-002
      -2.7998956215656765e-002</data></_>
  <_ type_id="opencv-matrix">
    <rows>3</rows>
    <cols>1</cols>
    <dt>d</dt>
    <data>
      -1.3297878460917939e-001 -2.0805940001039674e-001
      -3.2572412281444856e-002</data></_>
  <_ type_id="opencv-matrix">
    <rows>3</rows>
    <cols>1</cols>
    <dt>d</dt>
    <data>
      -1.6884329933662506e-001 -4.1610680268606998e-003
      -1.3136046541194255e-002</data></_>
  <_ type_id="opencv-matrix">
    <rows>3</rows>
    <cols>1</cols>
    <dt>d</dt>
    <data>
      -6.7303283975041928e-002 -2.9533763063509544e-001
      1.6623556802105002e-004</data></_>
  <_ type_id="opencv-matrix">
    <rows>3</rows>
    <cols>1</cols>
    <dt>d</dt>
    <data>
      -9.9225287536392801e-002 -1.8579736340848618e-001
      -1.2218719767003909e-002</data></_>
  <_ type_id="opencv-matrix">
    <rows>3</rows>
    <cols>1</cols>
    <dt>d</dt>
    <data>
      -1.4842639162310922e-001 2.9037483691213029e-001
      2.2717395795225906e-003</data></_></proj_R>
